873808
788
866
152
231
799
85
861
68
790
673
804
125
32
266
831
432
519
437
311
145
69
277
483
595
867
933
619
136
726
345
383
19
897
682
186
62
906
606
832
492
692
259
670
241
687
810
23
847
430
478
384
335
555
397
778
203
174
86
629
252
99
472
731
60
534
36
904
108
416
424
632
805
332
564
250
907
265
144
239
278
787
276
760
863
855
281
373
530
2
853
563
387
366
120
820
183
370
590
224
893
721
364
247
752
359
576
83
734
528
757
510
659
243
533
884
139
41
735
59
128
889
457
547
130
749
777
72
656
548
742
212
729
730
709
452
883
163
877
355
899
90
817
6
631
871
902
767
753
763
148
24
37
551
151
574
346
330
470
773
254
635
764
464
666
507
341
161
876
110
878
614
358
905
57
162
910
264
94
256
230
771
707
353
770
420
389
316
190
536
488
306
781
71
736
64
869
78
73
578
369
158
114
405
672
830
399
512
16
210
775
425
419
238
693
475
87
141
489
269
913
759
421
909
776
291
107
191
912
223
779
900
580
300
70
710
26
305
882
288
258
467
135
313
786
111
275
599
105
453
235
891
874
626
901
468
377
392
633
122
515
295
584
232
124
717
744
47
13
415
422
571
439
541
343
469
356
286
664
813
554
234
720
561
413
189
434
263
605
327
886
407
751
100
651
347
201
298
412
303
728
858
309
185
237
440
17
837
344
131
102
797
45
226
400
667
490
917
627
628
292
553
123
349
535
8
385
509
172
445
513
722
593
678
668
491
807
694
155
701
321
596
479
573
365
30
184
228
925
159
702
171
792
499
908
129
737
485
257
567
380
170
486
834
613
193
58
756
665
634
188
637
240
772
218
386
61
527
106
84
213
461
868
921
625
688
540
455
403
308
441
695
112
164
615
843
142
597
496
169
723
202
498
4
312
708
310
221
857
794
249
849
685
538
132
46
856
79
363
418
15
216
860
653
451
233
864
92
915
724
711
545
585
187
622
572
299
119
791
176
845
806
848
661
532
718
175
294
476
49
329
471
762
801
34
592
466
516
624
33
93
700
326
438
80
28
758
500
134
48
598
168
284
783
126
200
646
824
371
103
66
681
331
780
487
149
44
658
55
671
209
304
916
784
579
583
219
206
376
803
529
698
138
660
539
473
328
261
88
738
774
865
350
842
27
926
354
503
442
283
382
378
333
398
850
934
918
117
604
591
704
562
35
504
260
180
307
146
402
91
922
575
290
935
173
890
690
56
157
395
74
569
268
351
725
302
101
689
932
279
89
570
21
160
522
63
244
636
82
822
5
227
194
531
684
324
589
800
927
862
754
544
426
795
40
852
12
602
617
182
113
296
367
20
642
859
322
401
154
920
427
840
42
839
29
505
50
289
740
641
361
603
409
433
521
285
560
7
272
297
812
178
706
647
340
443
537
417
793
270
851
14
449
197
607
650
821
714
680
301
251
623
217
836
204
761
196
887
337
9
542
766
450
674
411
39
815
393
18
644
76
495
823
280
652
287
325
880
133
357
463
923
873
53
924
408
293
462
38
892
381
3
211
769
181
885
898
404
253
549
520
447
179
446
396
896
166
825
609
577
594
334
177
612
493
225
747
127
320
51
220
903
165
755
368
546
675
474
699
713
648
98
828
645
143
318
214
242
198
703
870
207
423
458
96
10
362
814
274
586
765
654
715
809
484
360
65
557
1
835
118
153
741
338
743
895
456
454
246
705
819
875
733
448
95
167
336
518
192
676
657
477
248
872
25
846
552
827
556
683
121
282
582
482
697
319
929
662
643
431
610
919
785
271
829
494
410
524
608
854
77
514
841
22
543
526
67
620
616
745
696
911
621
54
587
109
352
568
317
796
550
879
525
267
511
630
391
600
379
435
894
611
930
137
314
833
156
459
816
618
388
115
888
679
638
677
655
501
52
506
523
208
931
104
716
746
140
222
215
559
97
739
481
199
558
460
390
914
649
601
565
881
750
789
374
81
691
782
195
588
727
372
465
502
826
838
508
262
719
229
480
802
566
255
497
928
236
339
844
150
669
31
147
808
768
732
429
0
245
116
348
43
811
414
663
315
712
375
818
686
581
517
394
428
798
11
640
436
323
75
406
205
444
748
342
639
273
